
4
[-0.4884949573848828, 0.049282540510670714, -0.11528675930598303, -0.3949037989981897]
[3.4748840226531446, 2.9950334845858833, 12.793885200405024, 3.2079203438753567]
[4.259481121041717, 3.8343717228400607, 5.936289805373536, 3.3628389560755387]
[0.1204279345775441, 4.560986524476603, 4.097034544956916, 0.103741144077477]
[2.1152421047967183, -0.6127174541293645, 2.059086544693661, -0.023417146643340846]
0.9093156240890653

4
[-0.43194983351442273, -0.06500447617115279, -0.19632330965756972, -0.4496500021390667]
[4.223537865414949, 3.6934654889999785, 2.5062963906076625, 2.9814422433347905]
[4.573722413484097, 3.455245192875828, 4.260604883939465, 3.342074377379552]
[4.987103143841599, 0.08064600845396114, 0.09079642901776476, 0.11842548395728193]
[2.1945845769398944, -1.7306148237360348, -0.8995778170638766, 0.21003859974701852]
0.4874883569735256

4
[-0.48571834259000174, 0.19414238836569686, -0.34285355129453465, 0.15108512277304076]
[3.4740300129131834, 7.896465470351098, 3.207522746677804, 2.152787413978152]
[4.259479679087555, 2.1756615925218723, 3.362846843276053, 1.4853730162925194]
[0.12045810033386277, 9.909543936167054, 0.1037531820333632, 1.8458485249944643]
[2.1152521617081628, 1.3223569919809244, -0.023491470038525315, 2.2161875545869405]
0.909323519386752

4
[-0.2753212806604248, 0.08930647162398997, 0.2660382475499605, -0.1078816084738653]
[2.907717876001991, 2.053721619332397, 3.0697953404548524, 2.512266304945785]
[3.445356058001589, 3.3330576351182386, 5.380136865723947, 4.259832962936328]
[0.08838576026377785, 0.0939129033450345, 9.351956699977118, 0.09056396037019322]
[1.5842596217817397, 3.14, -1.2055420582272824, -0.8908829934383671]
0.512370498391944

4
[-0.08585808761616143, -0.47662572555575533, 0.13251398308710038, 0.38573763901829516]
[4.096317544517482, 3.2010020989376313, 2.4945956443580135, 9.231278562911884]
[5.3268965724828945, 3.3629705623077615, 4.260744556543929, 0.8059281909280483]
[8.89300479709553, 0.10394681066270839, 0.09122964270711137, 5.665982988148302]
[2.378885704999116, 2.488708980548113, -0.9014173898341572, -0.7819639397242568]
0.8578477841734335
